# Sample data series with data ranging from 23.02.2010 00:15 to 27.02.2010 23:45
20100223001500 256,000
20100223003000 256,000
20100223004500 255,000
20100223010000 255,000
20100223011500 255,000
20100223013000 254,000
20100223014500 254,000
20100223020000 254,000
20100223021500 253,000
20100223023000 253,000
20100223024500 253,000
20100223030000 252,000
20100223031500 252,000
20100223033000 252,000
20100223034500 252,000
20100223040000 252,000
20100223041500 252,000
20100223043000 252,000
20100223044500 252,000
20100223050000 252,000
20100223051500 252,000
20100223053000 252,000
20100223054500 252,000
20100223060000 253,000
20100223061500 253,000
20100223063000 253,000
20100223064500 252,000
20100223070000 252,000
20100223071500 252,000
20100223073000 252,000
20100223074500 252,000
20100223080000 251,000
20100223081500 251,000
20100223083000 251,000
20100223084500 251,000
20100223090000 251,000
20100223091500 251,000
20100223093000 251,000
20100223094500 250,000
20100223100000 250,000
20100223101500 251,000
20100223103000 250,000
20100223104500 251,000
20100223110000 251,000
20100223111500 252,000
20100223113000 251,000
20100223114500 251,000
20100223120000 251,000
20100223121500 251,000
20100223123000 251,000
20100223124500 252,000
20100223130000 252,000
20100223131500 252,000
20100223133000 252,000
20100223134500 252,000
20100223140000 253,000
20100223141500 253,000
20100223143000 253,000
20100223144500 252,000
20100223150000 252,000
20100223151500 252,000
20100223153000 253,000
20100223154500 253,000
20100223160000 253,000
20100223161500 252,000
20100223163000 253,000
20100223164500 252,000
20100223170000 252,000
20100223171500 252,000
20100223173000 252,000
20100223174500 252,000
20100223180000 252,000
20100223181500 252,000
20100223183000 252,000
20100223184500 252,000
20100223190000 252,000
20100223191500 252,000
20100223193000 252,000
20100223194500 252,000
20100223200000 253,000
20100223201500 253,000
20100223203000 253,000
20100223204500 253,000
20100223210000 253,000
20100223211500 253,000
20100223213000 253,000
20100223214500 253,000
20100223220000 253,000
20100223221500 253,000
20100223223000 253,000
20100223224500 253,000
20100223230000 253,000
20100223231500 253,000
20100223233000 254,000
20100223234500 253,000
20100224000000 253,000
20100224001500 253,000
20100224003000 253,000
20100224004500 253,000
20100224010000 253,000
20100224011500 253,000
20100224013000 253,000
20100224014500 252,000
20100224020000 252,000
20100224021500 252,000
20100224023000 252,000
20100224024500 252,000
20100224030000 252,000
20100224031500 252,000
20100224033000 252,000
20100224034500 252,000
20100224040000 252,000
20100224041500 252,000
20100224043000 252,000
20100224044500 252,000
20100224050000 252,000
20100224051500 252,000
20100224053000 252,000
20100224054500 252,000
20100224060000 252,000
20100224061500 252,000
20100224063000 253,000
20100224064500 253,000
20100224070000 253,000
20100224071500 253,000
20100224073000 253,000
20100224074500 253,000
20100224080000 253,000
20100224081500 253,000
20100224083000 253,000
20100224084500 253,000
20100224090000 253,000
20100224091500 254,000
20100224093000 254,000
20100224094500 254,000
20100224100000 254,000
20100224101500 254,000
20100224103000 254,000
20100224104500 255,000
20100224110000 255,000
20100224111500 255,000
20100224113000 255,000
20100224114500 255,000
20100224120000 256,000
20100224121500 256,000
20100224123000 256,000
20100224124500 256,000
20100224130000 256,000
20100224131500 256,000
20100224133000 257,000
20100224134500 256,000
20100224140000 257,000
20100224141500 257,000
20100224143000 257,000
20100224144500 258,000
20100224150000 258,000
20100224151500 258,000
20100224153000 258,000
20100224154500 259,000
20100224160000 259,000
20100224161500 259,000
20100224163000 260,000
20100224164500 260,000
20100224170000 260,000
20100224171500 261,000
20100224173000 261,000
20100224174500 262,000
20100224180000 262,000
20100224181500 263,000
20100224183000 263,000
20100224184500 263,000
20100224190000 264,000
20100224191500 265,000
20100224193000 266,000
20100224194500 267,000
20100224200000 267,000
20100224201500 268,000
20100224203000 269,000
20100224204500 270,000
20100224210000 271,000
20100224211500 272,000
20100224213000 273,000
20100224214500 273,000
20100224220000 274,000
20100224221500 275,000
20100224223000 276,000
20100224224500 277,000
20100224230000 277,000
20100224231500 278,000
20100224233000 279,000
20100224234500 279,000
20100225000000 280,000
20100225001500 281,000
20100225003000 281,000
20100225004500 282,000
20100225010000 283,000
20100225011500 283,000
20100225013000 284,000
20100225014500 284,000
20100225020000 285,000
20100225021500 285,000
20100225023000 286,000
20100225024500 287,000
20100225030000 287,000
20100225031500 288,000
20100225033000 289,000
20100225034500 290,000
20100225040000 290,000
20100225041500 291,000
20100225043000 292,000
20100225044500 293,000
20100225050000 294,000
20100225051500 295,000
20100225053000 296,000
20100225054500 297,000
20100225060000 298,000
20100225061500 299,000
20100225063000 300,000
20100225064500 301,000
20100225070000 302,000
20100225071500 304,000
20100225073000 305,000
20100225074500 306,000
20100225080000 307,000
20100225081500 309,000
20100225083000 310,000
20100225084500 311,000
20100225090000 312,000
20100225091500 314,000
20100225093000 315,000
20100225094500 316,000
20100225100000 317,000
20100225101500 318,000
20100225103000 318,000
20100225104500 319,000
20100225110000 319,000
20100225111500 319,000
20100225113000 320,000
20100225114500 321,000
20100225120000 321,000
20100225121500 322,000
20100225123000 323,000
20100225124500 323,000
20100225130000 324,000
20100225131500 325,000
20100225133000 325,000
20100225134500 326,000
20100225140000 326,000
20100225141500 327,000
20100225143000 328,000
20100225144500 328,000
20100225150000 328,000
20100225151500 329,000
20100225153000 329,000
20100225154500 329,000
20100225160000 330,000
20100225161500 330,000
20100225163000 331,000
20100225164500 331,000
20100225170000 331,000
20100225171500 332,000
20100225173000 332,000
20100225174500 333,000
20100225180000 333,000
20100225181500 334,000
20100225183000 334,000
20100225184500 334,000
20100225190000 335,000
20100225191500 335,000
20100225193000 335,000
20100225194500 335,000
20100225200000 336,000
20100225201500 336,000
20100225203000 336,000
20100225204500 336,000
20100225210000 337,000
20100225211500 337,000
20100225213000 337,000
20100225214500 338,000
20100225220000 339,000
20100225221500 339,000
20100225223000 340,000
20100225224500 340,000
20100225230000 341,000
20100225231500 342,000
20100225233000 343,000
20100225234500 343,000
20100226000000 344,000
20100226001500 345.000
20100226003000 345.000
20100226004500 346.000
20100226010000 346.000
20100226011500 347.000
20100226013000 348.000
20100226014500 348.000
20100226020000 348.000
20100226021500 349.000
20100226023000 350.000
20100226024500 350.000
20100226030000 351.000
20100226031500 351.000
20100226033000 352.000
20100226034500 353.000
20100226040000 353.000
20100226041500 354.000
20100226043000 355.000
20100226044500 356.000
20100226050000 357.000
20100226051500 358.000
20100226053000 359.000
20100226054500 360.000
20100226060000 361.000
20100226061500 361.000
20100226063000 362.000
20100226064500 363.000
20100226070000 363.000
20100226071500 364.000
20100226073000 364.000
20100226074500 365.000
20100226080000 365.000
20100226081500 365.000
20100226083000 365.000
20100226084500 366.000
20100226090000 366.000
20100226091500 367.000
20100226093000 367.000
20100226094500 367.000
20100226100000 368.000
20100226101500 368.000
20100226103000 369.000
20100226104500 369.000
20100226110000 370.000
20100226111500 370.000
20100226113000 371.000
20100226114500 371.000
20100226120000 372.000
20100226121500 373.000
20100226123000 373.000
20100226124500 373.000
20100226130000 374.000
20100226131500 374.000
20100226133000 375.000
20100226134500 375.000
20100226140000 376.000
20100226141500 376.000
20100226143000 376.000
20100226144500 377.000
20100226150000 378.000
20100226151500 377.000
20100226153000 378.000
20100226154500 379.000
20100226160000 379.000
20100226161500 380.000
20100226163000 380.000
20100226164500 381.000
20100226170000 381.000
20100226171500 382.000
20100226173000 382.000
20100226174500 383.000
20100226180000 383.000
20100226181500 384.000
20100226183000 384.000
20100226184500 384.000
20100226190000 385.000
20100226191500 385.000
20100226193000 386.000
20100226194500 387.000
20100226200000 387.000
20100226201500 388.000
20100226203000 388.000
20100226204500 388.000
20100226210000 389.000
20100226211500 389.000
20100226213000 389.000
20100226214500 389.000
20100226220000 390.000
20100226221500 390.000
20100226223000 391.000
20100226224500 392.000
20100226230000 392.000
20100226231500 393.000
20100226233000 393.000
20100226234500 394.000
20100227000000 395.000
20100227001500 395.000
20100227003000 396.000
20100227004500 397.000
20100227010000 397.000
20100227011500 398.000
20100227013000 398.000
20100227014500 399.000
20100227020000 399.000
20100227021500 399.000
20100227023000 400.000
20100227024500 401.000
20100227030000 401.000
20100227031500 402.000
20100227033000 402.000
20100227034500 403.000
20100227040000 404.000
20100227041500 405.000
20100227043000 405.000
20100227044500 406.000
20100227050000 407.000
20100227051500 407.000
20100227053000 408.000
20100227054500 408.000
20100227060000 409.000
20100227061500 410.000
20100227063000 410.000
20100227064500 411.000
20100227070000 411.000
20100227071500 412.000
20100227073000 413.000
20100227074500 413.000
20100227080000 414.000
20100227081500 415.000
20100227083000 415.000
20100227084500 416.000
20100227090000 417.000
20100227091500 417.000
20100227093000 418.000
20100227094500 419.000
20100227100000 420.000
20100227101500 420.000
20100227103000 421.000
20100227104500 421.000
20100227110000 422.000
20100227111500 423.000
20100227113000 423.000
20100227114500 424.000
20100227120000 425.000
20100227121500 425.000
20100227123000 426.000
20100227124500 426.000
20100227130000 427.000
20100227131500 427.000
20100227133000 428.000
20100227134500 428.000
20100227140000 429.000
20100227141500 429.000
20100227143000 430.000
20100227144500 431.000
20100227150000 431.000
20100227151500 431.000
20100227153000 431.000
20100227154500 431.000
20100227160000 432.000
20100227161500 432.000
20100227163000 432.000
20100227164500 432.000
20100227170000 432.000
20100227171500 432.000
20100227173000 433.000
20100227174500 434.000
20100227180000 434.000
20100227181500 434.000
20100227183000 435.000
20100227184500 435.000
20100227190000 435.000
20100227191500 436.000
20100227193000 436.000
20100227194500 437.000
20100227200000 437.000
20100227201500 438.000
20100227203000 438.000
20100227204500 439.000
20100227210000 439.000
20100227211500 440.000
20100227213000 441.000
20100227214500 441.000
20100227220000 442.000
20100227221500 443.000
20100227223000 443.000
20100227224500 444.000
20100227230000 445.000
20100227231500 445.000
20100227233000 446.000
20100227234500 446.000
